    0.0000000000e+00    0.0000000000e+00    0.0000000000e+00    0.0000000000e+00
    1.9996944815e-02   -4.9242749810e-05    9.9984928966e-05   -4.9242749810e-05
    3.9990171790e-02   -9.7063370049e-05    1.9995076582e-04   -9.7063370049e-05
    5.9995632619e-02   -1.4355126768e-04    2.9997806996e-04   -1.4355173334e-04
    7.9993367195e-02   -1.8871761858e-04    3.9996672422e-04   -1.8871761858e-04
    9.9995911121e-02   -2.3260992020e-04    4.9997959286e-04   -2.3260898888e-04
    1.1999176443e-01   -2.7534691617e-04    5.9995893389e-04   -2.7534598485e-04
    1.3999396563e-01   -3.1703384593e-04    6.9996993989e-04   -3.1703151762e-04
    1.5999186039e-01   -3.5756547004e-04    7.9995952547e-04   -3.5756686702e-04
    1.7999550700e-01   -3.9703212678e-04    8.9997751638e-04   -3.9703957736e-04
    1.9999247789e-01   -4.3554324657e-04    9.9996244535e-04   -4.3554417789e-04
    2.1999268234e-01   -4.7314167023e-04    1.0999636725e-03   -4.7313747928e-04
    2.3999838531e-01   -5.0978548825e-04    1.1999919079e-03   -5.0979061052e-04
    2.5999087095e-01   -5.4560741410e-04    1.2999544851e-03   -5.4560042918e-04
    2.7999559045e-01   -5.8054178953e-04    1.3999780640e-03   -5.8054784313e-04
    2.9999792576e-01   -6.1466218904e-04    1.4999895357e-03   -6.1466265470e-04
    3.1999987364e-01   -6.4801052213e-04    1.5999991447e-03   -6.4801285043e-04
    3.3999374509e-01   -6.8057514727e-04    1.6999687068e-03   -6.8057049066e-04
    3.5999387503e-01   -7.1242870763e-04    1.7999694683e-03   -7.1241986006e-04
    3.7999695539e-01   -7.4360938743e-04    1.8999846652e-03   -7.4358843267e-04
    3.9999181032e-01   -7.7409576625e-04    1.9999588840e-03   -7.7409856021e-04
    4.1999590397e-01   -8.0394651741e-04    2.0999792032e-03   -8.0393906683e-04
    4.3999651074e-01   -8.3319144323e-04    2.1999822930e-03   -8.3319609985e-04
    4.5999583602e-01   -8.6185010150e-04    2.2999788634e-03   -8.6183799431e-04
    4.7999423742e-01   -8.8985916227e-04    2.3999712430e-03   -8.8985031471e-04
    4.9999237061e-01   -9.1728428379e-04    2.4999617599e-03   -9.1729452834e-04
    5.1999145746e-01   -9.4422511756e-04    2.5999569334e-03   -9.4423349947e-04
    5.3999966383e-01   -9.7069004551e-04    2.6999982074e-03   -9.7067747265e-04
    5.5999857187e-01   -9.9661666900e-04    2.7999924496e-03   -9.9662924185e-04
    5.7999932766e-01   -1.0220343247e-03    2.8999960050e-03   -1.0220604017e-03
    5.9999930859e-01   -1.0469695553e-03    2.9999967664e-03   -1.0469551198e-03
    6.1999499798e-01   -1.0714149103e-03    3.0999751762e-03   -1.0714344680e-03
    6.3999199867e-01   -1.0954681784e-03    3.1999601051e-03   -1.0954365134e-03
    6.5999335051e-01   -1.1190711521e-03    3.2999664545e-03   -1.1190604419e-03
    6.7999917269e-01   -1.1422305834e-03    3.3999960870e-03   -1.1422422249e-03
    6.9999146461e-01   -1.1649592780e-03    3.4999568015e-03   -1.1649772059e-03
    7.1999329329e-01   -1.1872670148e-03    3.5999659449e-03   -1.1873112526e-03
    7.3999381065e-01   -1.2092927936e-03    3.6999685690e-03   -1.2092250399e-03
    7.5999671221e-01   -1.2309008744e-03    3.7999833003e-03   -1.2308543082e-03
    7.7999424934e-01   -1.2521499302e-03    3.8999710232e-03   -1.2520863675e-03
    7.9999518394e-01   -1.2730536982e-03    3.9999755099e-03   -1.2730280869e-03
    8.1999874115e-01   -1.2936317362e-03    4.0999930352e-03   -1.2935954146e-03
    8.3999276161e-01   -1.3138505165e-03    4.1999630630e-03   -1.3137587812e-03
    8.5999298096e-01   -1.3336844277e-03    4.2999647558e-03   -1.3336041011e-03
    8.7999320030e-01   -1.3531558216e-03    4.3999655172e-03   -1.3531476725e-03
    8.9999347925e-01   -1.3723641168e-03    4.4999672100e-03   -1.3723014854e-03
    9.1999912262e-01   -1.3912359718e-03    4.5999949798e-03   -1.3912089635e-03
    9.3999898434e-01   -1.4098896645e-03    4.6999948099e-03   -1.4097772073e-03
    9.5999282598e-01   -1.4282264747e-03    4.7999639064e-03   -1.4281505719e-03
    9.7999435663e-01   -1.4463285916e-03    4.8999711871e-03   -1.4462287072e-03
    9.9999278784e-01   -1.4641457237e-03    4.9999635667e-03   -1.4640933368e-03
    1.0000005960e+00   -1.4641529415e-03    5.0000026822e-03   -1.4641010202e-03
