    0.0000000000e+00    0.0000000000e+00     0.0000000000e+00    0.0000000000e+00
    1.9941696897e-02   -4.9063004553e-05     9.9708326161e-05    1.2147471716e-04
    3.9999634027e-02   -9.6983276308e-05     1.9999826327e-04    2.4250942806e-04
    5.9931702912e-02   -1.4325138181e-04     2.9965862632e-04    3.6171425018e-04
    7.9968266189e-02   -1.8846290186e-04     3.9984146133e-04    4.8053031787e-04
    9.9899493158e-02   -2.3220106959e-04     4.9949763343e-04    5.9777335264e-04
    1.1988714337e-01   -2.7488358319e-04     5.9943553060e-04    7.1445462527e-04
    1.3997134566e-01   -3.1663151458e-04     6.9985678419e-04    8.3084963262e-04
    1.5997368097e-01   -3.5712262616e-04     7.9986825585e-04    9.4597251154e-04
    1.7994469404e-01   -3.9651058614e-04     8.9972326532e-04    1.0601627873e-03
    1.9999067485e-01   -4.3504545465e-04     9.9995359778e-04    1.1740697082e-03
    2.1997682750e-01   -4.7250837088e-04     1.0998840444e-03    1.2869639322e-03
    2.3990464211e-01   -5.0894776359e-04     1.1995234527e-03    1.3988971477e-03
    2.5994250178e-01   -5.4470216855e-04     1.2997123413e-03    1.5108461957e-03
    2.7989694476e-01   -5.7945540175e-04     1.3994849287e-03    1.6217583325e-03
    2.9988828301e-01   -6.1344914138e-04     1.4994414523e-03    1.7323307693e-03
    3.1994172931e-01   -6.4675835893e-04     1.5997085720e-03    1.8427333562e-03
    3.3991265297e-01   -6.7916791886e-04     1.6995631158e-03    1.9521918148e-03
    3.5996419191e-01   -7.1096466854e-04     1.7998209223e-03    2.0616254769e-03
    3.7992027402e-01   -7.4190367013e-04     1.8996014260e-03    2.1700980142e-03
    3.9999449253e-01   -7.7232578769e-04     1.9999723881e-03    2.2787861526e-03
    4.1991990805e-01   -8.0185988918e-04     2.0995996892e-03    2.3862679955e-03
    4.3993017077e-01   -8.3087338135e-04     2.1996507421e-03    2.4938262068e-03
    4.5991414785e-01   -8.5921259597e-04     2.2995709442e-03    2.6008698624e-03
    4.7999680042e-01   -8.8708242401e-04     2.3999842815e-03    2.7080902364e-03
    4.9998614192e-01   -9.1422675177e-04     2.4999305606e-03    2.8144738171e-03
    5.1993322372e-01   -9.4073358923e-04     2.5996663608e-03    2.9203111771e-03
    5.3988647461e-01   -9.6669094637e-04     2.6994324289e-03    3.0258717015e-03
    5.5992078781e-01   -9.9219428375e-04     2.7996040881e-03    3.1315602828e-03
    5.7992291451e-01   -1.0171178728e-03     2.8996141627e-03    3.2367890235e-03
    5.9992712736e-01   -1.0415092111e-03     2.9996354133e-03    3.3417516388e-03
    6.1992812157e-01   -1.0653976351e-03     3.0996408314e-03    3.4464308992e-03
    6.3993340731e-01   -1.0887598619e-03     3.1996667385e-03    3.5508680157e-03
    6.5992492437e-01   -1.1116145179e-03     3.2996246591e-03    3.6549838260e-03
    6.7990404367e-01   -1.1339678895e-03     3.3995201811e-03    3.7587902043e-03
    6.9998103380e-01   -1.1559363920e-03     3.4999055788e-03    3.8628620096e-03
    7.1995151043e-01   -1.1773128062e-03     3.5997573286e-03    3.9661568590e-03
    7.3991990089e-01   -1.1982126161e-03     3.6995997652e-03    4.0692077018e-03
    7.5989371538e-01   -1.2186304666e-03     3.7994682789e-03    4.1720592417e-03
    7.7995598316e-01   -1.2386797462e-03     3.8997801021e-03    4.2751557194e-03
    7.9991304874e-01   -1.2581620831e-03     3.9995657280e-03    4.3774968944e-03
    8.1996673346e-01   -1.2772788759e-03     4.0998337790e-03    4.4801267795e-03
    8.3991920948e-01   -1.2958208099e-03     4.1995961219e-03    4.5820213854e-03
    8.5990828276e-01   -1.3139406219e-03     4.2995419353e-03    4.6839010902e-03
    8.7999057770e-01   -1.3316604309e-03     4.3999534100e-03    4.7860448249e-03
    8.9996540546e-01   -1.3488724362e-03     4.4998275116e-03    4.8874705099e-03
    9.1994494200e-01   -1.3655633666e-03     4.5997248963e-03    4.9886852503e-03
    9.3993669748e-01   -1.3818477746e-03     4.6996837482e-03    5.0897970796e-03
    9.5993643999e-01   -1.3976609334e-03     4.7996826470e-03    5.1907422021e-03
    9.7996360064e-01   -1.4129739720e-03     4.8998184502e-03    5.2916165441e-03
    9.9990671873e-01   -1.4278201852e-03     4.9995332956e-03    5.3919078782e-03
    1.0000020266e+00   -1.4278530143e-03     5.0000101328e-03    5.3923679516e-03
