Curveplot
LS-DYNA keyword deck by LS-PrePost                                      
Time
Nodal Data
Node no.
X-displacement #pts=22
* Minval=   0.000000000000e+00 at time=       0.000000000000
* Maxval=   5.001551471651e-04 at time=       1.000000357628
  0.000000000000e+00   0.000000000000e+00
  4.999651759863e-02   2.514640800655e-05
  9.999430179596e-02   5.002715624869e-05
  1.499948352575e-01   7.484410889447e-05
  1.999946981668e-01   9.995838627219e-05
  2.499986588955e-01   1.250063069165e-04
  2.999957799911e-01   1.500870566815e-04
  3.499954342842e-01   1.749859657139e-04
  3.999980092049e-01   2.000376116484e-04
  4.499959647655e-01   2.250261604786e-04
  4.999952316284e-01   2.500088885427e-04
  5.499967336655e-01   2.749983686954e-04
  5.999976396561e-01   3.000015858561e-04
  6.499995589256e-01   3.250315785408e-04
  6.999999284744e-01   3.500480670482e-04
  7.499989867210e-01   3.750871401280e-04
  7.999994158745e-01   4.000631161034e-04
  8.499981164932e-01   4.251117352396e-04
  8.999981880188e-01   4.500809591264e-04
  9.499968886375e-01   4.751032683998e-04
  9.999963045120e-01   5.001530516893e-04
  1.000000357628e+00   5.001551471651e-04
endcurve
Y-displacement-2478 #pts=22
* Minval=   0.000000000000e+00 at time=       0.000000000000
* Maxval=   1.901935320348e-06 at time=       0.999996304512
  0.000000000000e+00   0.000000000000e+00
  4.999651759863e-02   9.895302355289e-09
  9.999430179596e-02   2.305023372173e-08
  1.499948352575e-01   3.777677193284e-08
  1.999946981668e-01   4.837056621909e-08
  2.499986588955e-01   7.060589268804e-08
  2.999957799911e-01   9.842915460467e-08
  3.499954342842e-01   1.328298822045e-07
  3.999980092049e-01   1.747393980622e-07
  4.499959647655e-01   2.314336597919e-07
  4.999952316284e-01   3.037857823074e-07
  5.499967336655e-01   3.937166184187e-07
  5.999976396561e-01   5.107140168548e-07
  6.499995589256e-01   6.525660865009e-07
  6.999999284744e-01   8.158967830241e-07
  7.499989867210e-01   9.828945621848e-07
  7.999994158745e-01   1.197739038616e-06
  8.499981164932e-01   1.372012775391e-06
  8.999981880188e-01   1.568289007992e-06
  9.499968886375e-01   1.768115907907e-06
  9.999963045120e-01   1.901935320348e-06
  1.000000357628e+00   1.901935320348e-06
endcurve
Z-displacement-2478 #pts=22
* Minval=  -3.236345946789e-08 at time=       0.699999928474
* Maxval=   3.376044332981e-08 at time=       0.999996304512
  0.000000000000e+00   0.000000000000e+00
  4.999651759863e-02  -2.328306436539e-09
  9.999430179596e-02  -2.561137080193e-09
  1.499948352575e-01  -3.725290298462e-09
  1.999946981668e-01  -3.492459654808e-09
  2.499986588955e-01  -5.355104804039e-09
  2.999957799911e-01  -4.656612873077e-09
  3.499954342842e-01  -4.190951585770e-09
  3.999980092049e-01  -7.683411240578e-09
  4.499959647655e-01  -1.094304025173e-08
  4.999952316284e-01  -1.839362084866e-08
  5.499967336655e-01  -2.421438694000e-08
  5.999976396561e-01  -2.421438694000e-08
  6.499995589256e-01  -2.910383045673e-08
  6.999999284744e-01  -3.236345946789e-08
  7.499989867210e-01  -2.747401595116e-08
  7.999994158745e-01  -2.468004822731e-08
  8.499981164932e-01  -1.396983861923e-08
  8.999981880188e-01  -1.885928213596e-08
  9.499968886375e-01   9.313225746155e-09
  9.999963045120e-01   3.376044332981e-08
  1.000000357628e+00   3.376044332981e-08
endcurve
