Curveplot
LS-DYNA keyword deck by LS-PrePost                                      
Time
Element Data
Element no.
X-stress #pts=22
* Minval=  -1.002343383789e+03 at time=       0.649999558926
* Maxval=   5.516754882812e+03 at time=       0.999996304512
  0.000000000000e+00   0.000000000000e+00
  4.999651759863e-02  -4.998336791992e+01
  9.999430179596e-02  -1.014973831177e+02
  1.499948352575e-01  -1.514806671143e+02
  1.999946981668e-01  -2.093952331543e+02
  2.499986588955e-01  -2.738075561523e+02
  2.999957799911e-01  -3.493046569824e+02
  3.499954342842e-01  -4.366623535156e+02
  3.999980092049e-01  -5.379168701172e+02
  4.499959647655e-01  -6.473392944336e+02
  4.999952316284e-01  -7.646708984375e+02
  5.499967336655e-01  -8.768695678711e+02
  5.999976396561e-01  -9.654538574219e+02
  6.499995589256e-01  -1.002343383789e+03
  6.999999284744e-01  -9.485343627930e+02
  7.499989867210e-01  -7.134564208984e+02
  7.999994158745e-01  -3.625344543457e+02
  8.499981164932e-01   4.762820434570e+02
  8.999981880188e-01   1.510852905273e+03
  9.499968886375e-01   3.079369628906e+03
  9.999963045120e-01   5.516754882812e+03
  1.000000357628e+00   5.516754882812e+03
endcurve
Y-stress-1759 #pts=22
* Minval=  -2.418508398438e+04 at time=       0.999996304512
* Maxval=   0.000000000000e+00 at time=       0.000000000000
  0.000000000000e+00   0.000000000000e+00
  4.999651759863e-02  -5.262639617920e+01
  9.999430179596e-02  -1.126533889771e+02
  1.499948352575e-01  -1.786119537354e+02
  1.999946981668e-01  -2.623881225586e+02
  2.499986588955e-01  -3.671751098633e+02
  2.999957799911e-01  -5.038536376953e+02
  3.499954342842e-01  -6.833812255859e+02
  3.999980092049e-01  -9.200895996094e+02
  4.499959647655e-01  -1.228171142578e+03
  4.999952316284e-01  -1.633752197266e+03
  5.499967336655e-01  -2.160938964844e+03
  5.999976396561e-01  -2.842439941406e+03
  6.499995589256e-01  -3.719574951172e+03
  6.999999284744e-01  -4.851062500000e+03
  7.499989867210e-01  -6.274716308594e+03
  7.999994158745e-01  -8.238718750000e+03
  8.499981164932e-01  -1.059450195312e+04
  8.999981880188e-01  -1.397032714844e+04
  9.499968886375e-01  -1.843207031250e+04
  9.999963045120e-01  -2.418508398438e+04
  1.000000357628e+00  -2.418508398438e+04
endcurve
Z-stress-1759 #pts=22
* Minval=  -2.141056976318e+02 at time=       0.399998009205
* Maxval=   1.673203515625e+04 at time=       0.999996304512
  0.000000000000e+00   0.000000000000e+00
  4.999651759863e-02  -4.676422500610e+01
  9.999430179596e-02  -8.820754241943e+01
  1.499948352575e-01  -1.202613525391e+02
  1.999946981668e-01  -1.511524047852e+02
  2.499986588955e-01  -1.768362731934e+02
  2.999957799911e-01  -1.986818542480e+02
  3.499954342842e-01  -2.121636199951e+02
  3.999980092049e-01  -2.141056976318e+02
  4.499959647655e-01  -1.898875274658e+02
  4.999952316284e-01  -1.286681671143e+02
  5.499967336655e-01  -3.420690298080e+00
  5.999976396561e-01   2.223916778564e+02
  6.499995589256e-01   5.998920288086e+02
  6.999999284744e-01   1.198339721680e+03
  7.499989867210e-01   2.146867919922e+03
  7.999994158745e-01   3.429380615234e+03
  8.499981164932e-01   5.478948730469e+03
  8.999981880188e-01   8.086105957031e+03
  9.499968886375e-01   1.168295996094e+04
  9.999963045120e-01   1.673203515625e+04
  1.000000357628e+00   1.673203515625e+04
endcurve
XY-stress-1759 #pts=22
* Minval=   0.000000000000e+00 at time=       0.000000000000
* Maxval=   2.948627734375e+04 at time=       0.999996304512
  0.000000000000e+00   0.000000000000e+00
  4.999651759863e-02   5.284350585938e+01
  9.999430179596e-02   1.111645965576e+02
  1.499948352575e-01   1.799541778564e+02
  1.999946981668e-01   2.642639465332e+02
  2.499986588955e-01   3.726367492676e+02
  2.999957799911e-01   5.142094726562e+02
  3.499954342842e-01   7.030500488281e+02
  3.999980092049e-01   9.529586181641e+02
  4.499959647655e-01   1.286969482422e+03
  4.999952316284e-01   1.732566284180e+03
  5.499967336655e-01   2.326232421875e+03
  5.999976396561e-01   3.115546142578e+03
  6.499995589256e-01   4.161706054688e+03
  6.999999284744e-01   5.546747070312e+03
  7.499989867210e-01   7.374456542969e+03
  7.999994158745e-01   9.783076171875e+03
  8.499981164932e-01   1.293995312500e+04
  8.999981880188e-01   1.708022851562e+04
  9.499968886375e-01   2.247511328125e+04
  9.999963045120e-01   2.948627734375e+04
  1.000000357628e+00   2.948627734375e+04
endcurve
