    0.0000000000e+00    0.0000000000e+00    0.0000000000e+00    0.0000000000e+00
    1.9907578826e-02   -6.7961402237e-05    1.3935286552e-04   -6.7961402237e-05
    3.9904437959e-02   -1.3357307762e-04    2.7933111414e-04   -1.3357354328e-04
    5.9917729348e-02   -1.9670138136e-04    4.1942391545e-04   -1.9670184702e-04
    7.9965755343e-02   -2.5754747912e-04    5.5976025760e-04   -2.5754747912e-04
    9.9929139018e-02   -3.1589856371e-04    6.9950381294e-04   -3.1589856371e-04
    1.1995197088e-01   -3.7231249735e-04    8.3966366947e-04   -3.7231203169e-04
    1.3990505040e-01   -4.2654294521e-04    9.7933551297e-04   -4.2654247954e-04
    1.5992204845e-01   -4.7906395048e-04    1.1194543913e-03   -4.7906395048e-04
    1.7999614775e-01   -5.2993977442e-04    1.2599732727e-03   -5.2993977442e-04
    1.9994066656e-01   -5.7880021632e-04    1.3995845802e-03   -5.7880021632e-04
    2.1999152005e-01   -6.2631117180e-04    1.5399409458e-03   -6.2631117180e-04
    2.3991000652e-01   -6.7198975012e-04    1.6793701798e-03   -6.7198928446e-04
    2.5999173522e-01   -7.1658426896e-04    1.8199421465e-03   -7.1658380330e-04
    2.7996662259e-01   -7.5955316424e-04    1.9597662613e-03   -7.5955362990e-04
    2.9992693663e-01   -8.0117071047e-04    2.0994888619e-03   -8.0117117614e-04
    3.1996926665e-01   -8.4168510512e-04    2.2397851571e-03   -8.4168603644e-04
    3.3991989493e-01   -8.8079785928e-04    2.3794393055e-03   -8.8079879060e-04
    3.5996893048e-01   -9.1892806813e-04    2.5197826326e-03   -9.1892806813e-04
    3.7992542982e-01   -9.5575489104e-04    2.6594782248e-03   -9.5575675368e-04
    3.9991357923e-01   -9.9154794589e-04    2.7993954718e-03   -9.9154887721e-04
    4.1991800070e-01   -1.0263109580e-03    2.9394263402e-03   -1.0263137519e-03
    4.3994048238e-01   -1.0600779206e-03    3.0795829371e-03   -1.0600793175e-03
    4.5997726917e-01   -1.0928646661e-03    3.2198410481e-03   -1.0928669944e-03
    4.7994816303e-01   -1.1245640926e-03    3.3596372232e-03   -1.1245666537e-03
    4.9994388223e-01   -1.1553463992e-03    3.4996075556e-03   -1.1553482618e-03
    5.1996612549e-01   -1.1852274183e-03    3.6397632211e-03   -1.1852311436e-03
    5.3992599249e-01   -1.2140853796e-03    3.7794820964e-03   -1.2140888721e-03
    5.5991750956e-01   -1.2420695275e-03    3.9194226265e-03   -1.2420734856e-03
    5.7994258404e-01   -1.2691852171e-03    4.0595987812e-03   -1.2691877782e-03
    5.9991437197e-01   -1.2953246478e-03    4.1994005442e-03   -1.2953265104e-03
    6.1992514133e-01   -1.3206070289e-03    4.3394761160e-03   -1.3206067961e-03
    6.3997709751e-01   -1.3450293336e-03    4.4798394665e-03   -1.3450258411e-03
    6.5998554230e-01   -1.3684828300e-03    4.6198992059e-03   -1.3684774749e-03
    6.7995464802e-01   -1.3909747358e-03    4.7596832737e-03   -1.3909700792e-03
    6.9997465611e-01   -1.4125998132e-03    4.8998231068e-03   -1.4125958551e-03
    7.1996277571e-01   -1.4332551509e-03    5.0397394225e-03   -1.4332518913e-03
    7.3992347717e-01   -1.4529442415e-03    5.1794638857e-03   -1.4529419132e-03
    7.5994580984e-01   -1.4717469458e-03    5.3196204826e-03   -1.4717432205e-03
    7.7994889021e-01   -1.4895661734e-03    5.4596429691e-03   -1.4895659406e-03
    7.9993742704e-01   -1.5064056497e-03    5.5995620787e-03   -1.5064065810e-03
    8.1999963522e-01   -1.5223312657e-03    5.7399971411e-03   -1.5223289374e-03
    8.3997321129e-01   -1.5372016933e-03    5.8798128739e-03   -1.5372023918e-03
    8.5994690657e-01   -1.5510888770e-03    6.0196286067e-03   -1.5510891099e-03
    8.7992572784e-01   -1.5639904886e-03    6.1594797298e-03   -1.5639958438e-03
    8.9999681711e-01   -1.5759586822e-03    6.2999781221e-03   -1.5759642702e-03
    9.1991907358e-01   -1.5868574847e-03    6.4394334331e-03   -1.5868644696e-03
    9.3994396925e-01   -1.5968340449e-03    6.5796086565e-03   -1.5968387015e-03
    9.5999461412e-01   -1.6058438923e-03    6.7199626938e-03   -1.6058539040e-03
    9.7999495268e-01   -1.6138718929e-03    6.8599646911e-03   -1.6138842329e-03
    9.9995076656e-01   -1.6209462192e-03    6.9996556267e-03   -1.6209518071e-03
    1.0000318289e+00   -1.6209727619e-03    7.0002228022e-03   -1.6209788155e-03
