    0.0000000000e+00    0.0000000000e+00    0.0000000000e+00    0.0000000000e+00
    1.9999580458e-02   -4.3561961502e-04    9.9997920915e-04   -4.3561961502e-04
    3.9999421686e-02   -7.7419308946e-04    1.9999709912e-03   -7.7419308946e-04
    5.9997517616e-02   -1.0470901616e-03    2.9998756945e-03   -1.0470901616e-03
    7.9997755587e-02   -1.2731617317e-03    3.9998870343e-03   -1.2731617317e-03
    9.9996730685e-02   -1.4644004405e-03    4.9998359755e-03   -1.4644004405e-03
    1.1999624223e-01   -1.4644295443e-03    4.9999998882e-03   -1.4644295443e-03
    1.3999749720e-01   -1.4644295443e-03    4.9999998882e-03   -1.4644295443e-03
    1.5999875963e-01   -1.4644297771e-03    4.9999998882e-03   -1.4644297771e-03
    1.7999592423e-01   -1.4644297771e-03    4.9999998882e-03   -1.4644297771e-03
    1.9999718666e-01   -1.4644297771e-03    4.9999998882e-03   -1.4644297771e-03
    2.1999968588e-01   -1.2731815223e-03    4.0000155568e-03   -1.2731815223e-03
    2.3999769986e-01   -1.0471343994e-03    3.0001150444e-03   -1.0471343994e-03
    2.5999787450e-01   -7.7420379966e-04    2.0001064986e-03   -7.7420379966e-04
    2.7999576926e-01   -4.3565453961e-04    1.0002120398e-03   -4.3565453961e-04
    2.9999911785e-01    7.1246176958e-08    4.4703483582e-08    7.1246176958e-08
    3.1999570131e-01    9.5460563898e-08    0.0000000000e+00    9.5460563898e-08
    3.3999863267e-01    9.5926225185e-08    0.0000000000e+00    9.5926225185e-08
    3.5999506712e-01    9.5926225185e-08    0.0000000000e+00    9.5926225185e-08
    3.7999728322e-01    9.5926225185e-08    0.0000000000e+00    9.5926225185e-08
    3.9999446273e-01    9.5926225185e-08    0.0000000000e+00    9.5926225185e-08
    4.1999951005e-01   -4.3553067371e-04    9.9997501820e-04   -4.3553067371e-04
    4.3999716640e-01   -7.7407807112e-04    1.9998578355e-03   -7.7407807112e-04
    4.6000003815e-01   -1.0470454581e-03    3.0000014231e-03   -1.0470454581e-03
    4.7999683022e-01   -1.2730779126e-03    3.9998413995e-03   -1.2730779126e-03
    4.9999806285e-01   -1.4643431641e-03    4.9999020994e-03   -1.4643431641e-03
    5.1999783516e-01   -1.4643613249e-03    4.9999998882e-03   -1.4643613249e-03
    5.3999906778e-01   -1.4643615577e-03    4.9999998882e-03   -1.4643615577e-03
    5.5999624729e-01   -1.4643615577e-03    4.9999998882e-03   -1.4643615577e-03
    5.7999753952e-01   -1.4643615577e-03    4.9999998882e-03   -1.4643615577e-03
    5.9999877214e-01   -1.4643617906e-03    4.9999998882e-03   -1.4643617906e-03
    6.1999899149e-01   -1.2731202878e-03    4.0000509471e-03   -1.2731202878e-03
    6.3999921083e-01   -1.0470403358e-03    3.0000396073e-03   -1.0470403358e-03
    6.5999484062e-01   -7.7416747808e-04    2.0002583042e-03   -7.7416747808e-04
    6.7999672890e-01   -4.3555162847e-04    1.0001631454e-03   -4.3555162847e-04
    6.9999504089e-01    6.8452209234e-08    2.4773180485e-07    6.8452209234e-08
    7.1999734640e-01    1.9185245037e-07    0.0000000000e+00    1.9185245037e-07
    7.3999375105e-01    1.9231811166e-07    0.0000000000e+00    1.9231811166e-07
    7.5999557972e-01    1.9231811166e-07    0.0000000000e+00    1.9231811166e-07
    7.7999776602e-01    1.9231811166e-07    0.0000000000e+00    1.9231811166e-07
    7.9999452829e-01    1.9231811166e-07    0.0000000000e+00    1.9231811166e-07
    8.1999862194e-01   -4.3542543426e-04    9.9993078038e-04   -4.3542543426e-04
    8.3999747038e-01   -7.7400077134e-04    1.9998736680e-03   -7.7400077134e-04
    8.5999804735e-01   -1.0469467379e-03    2.9999027029e-03   -1.0469467379e-03
    8.7999719381e-01   -1.2730087619e-03    3.9998600259e-03   -1.2730087619e-03
    8.9999598265e-01   -1.4642551541e-03    4.9997996539e-03   -1.4642551541e-03
    9.1999930143e-01   -1.4642931055e-03    4.9999998882e-03   -1.4642931055e-03
    9.3999648094e-01   -1.4642933384e-03    4.9999998882e-03   -1.4642933384e-03
    9.5999771357e-01   -1.4642933384e-03    4.9999998882e-03   -1.4642933384e-03
    9.7999900579e-01   -1.4642935712e-03    4.9999998882e-03   -1.4642935712e-03
    9.9999618530e-01   -1.4642935712e-03    4.9999998882e-03   -1.4642935712e-03
    1.0000002384e+00   -1.4642935712e-03    4.9999998882e-03   -1.4642935712e-03
