    0.0000000000e+00    0.0000000000e+00    0.0000000000e+00    0.0000000000e+00
    1.9999459386e-02   -2.3267604411e-04    4.9998657778e-04   -2.3267604411e-04
    3.9995390922e-02   -4.3559214100e-04    9.9988467991e-04   -4.3559214100e-04
    5.9995539486e-02   -6.1466032639e-04    1.4998884872e-03   -6.1466032639e-04
    7.9999335110e-02   -7.7420985326e-04    1.9999835640e-03   -7.7420985326e-04
    9.9997632205e-02   -9.1748498380e-04    2.4999408051e-03   -9.1748498380e-04
    1.1999623477e-01   -1.0471120477e-03    2.9999054968e-03   -1.0471120477e-03
    1.3999667764e-01   -1.1651387904e-03    3.4999167547e-03   -1.1651387904e-03
    1.5999695659e-01   -1.2731857132e-03    3.9999233559e-03   -1.2731857132e-03
    1.7999975383e-01   -1.3725983445e-03    4.4999932870e-03   -1.3725983445e-03
    1.9999809563e-01   -1.4644381590e-03    4.9999523908e-03   -1.4644381590e-03
    2.1999759972e-01   -1.4644467738e-03    4.9999998882e-03   -1.4644467738e-03
    2.3999886215e-01   -1.4644467738e-03    4.9999998882e-03   -1.4644467738e-03
    2.5999602675e-01   -1.4644467738e-03    4.9999998882e-03   -1.4644467738e-03
    2.7999728918e-01   -1.4644470066e-03    4.9999998882e-03   -1.4644470066e-03
    2.9999855161e-01   -1.4644470066e-03    4.9999998882e-03   -1.4644470066e-03
    3.1999981403e-01   -1.4644470066e-03    4.9999998882e-03   -1.4644470066e-03
    3.3999696374e-01   -1.4644470066e-03    4.9999998882e-03   -1.4644470066e-03
    3.5999822617e-01   -1.4644470066e-03    4.9999998882e-03   -1.4644470066e-03
    3.7999948859e-01   -1.4644470066e-03    4.9999998882e-03   -1.4644470066e-03
    3.9999663830e-01   -1.4644470066e-03    4.9999998882e-03   -1.4644470066e-03
    4.1999790072e-01   -1.4644470066e-03    4.9999998882e-03   -1.4644470066e-03
    4.3999916315e-01   -1.4644470066e-03    4.9999998882e-03   -1.4644470066e-03
    4.5999631286e-01   -1.4644470066e-03    4.9999998882e-03   -1.4644470066e-03
    4.7999757528e-01   -1.4644470066e-03    4.9999998882e-03   -1.4644470066e-03
    4.9999883771e-01   -1.4644470066e-03    4.9999998882e-03   -1.4644470066e-03
    5.1999914646e-01   -1.3726027682e-03    4.5000212267e-03   -1.3726027682e-03
    5.3999590874e-01   -1.2732185423e-03    4.0001021698e-03   -1.2732185423e-03
    5.5999529362e-01   -1.1651783716e-03    3.5001169890e-03   -1.1651783716e-03
    5.7999962568e-01   -1.0471292771e-03    3.0000088736e-03   -1.0471292771e-03
    5.9999734163e-01   -9.1750873253e-04    2.5000660680e-03   -9.1750873253e-04
    6.1999976635e-01   -7.7420147136e-04    2.0000059158e-03   -7.7420147136e-04
    6.3999772072e-01   -6.1469664797e-04    1.5000570565e-03   -6.1469664797e-04
    6.5999883413e-01   -4.3562008068e-04    1.0000290349e-03   -4.3562008068e-04
    6.7999839783e-01   -2.3265974596e-04    5.0003966317e-04   -2.3265974596e-04
    6.9999450445e-01   -2.0954757929e-08    1.3737007976e-07   -2.0954757929e-08
    7.1999847889e-01    4.7497451305e-08    0.0000000000e+00    4.7497451305e-08
    7.3999547958e-01    4.7963112593e-08    0.0000000000e+00    4.7963112593e-08
    7.5999826193e-01    4.7963112593e-08    0.0000000000e+00    4.7963112593e-08
    7.7999490499e-01    4.7963112593e-08    0.0000000000e+00    4.7963112593e-08
    7.9999804497e-01    4.7963112593e-08    0.0000000000e+00    4.7963112593e-08
    8.1999427080e-01    4.7963112593e-08    0.0000000000e+00    4.7963112593e-08
    8.3999741077e-01    4.7963112593e-08    0.0000000000e+00    4.7963112593e-08
    8.5999405384e-01    4.7963112593e-08    0.0000000000e+00    4.7963112593e-08
    8.7999647856e-01    4.7963112593e-08    0.0000000000e+00    4.7963112593e-08
    8.9999383688e-01    4.7963112593e-08    0.0000000000e+00    4.7963112593e-08
    9.1999584436e-01    4.7963112593e-08    0.0000000000e+00    4.7963112593e-08
    9.3999898434e-01    4.7963112593e-08    0.0000000000e+00    4.7963112593e-08
    9.5999598503e-01    4.7963112593e-08    0.0000000000e+00    4.7963112593e-08
    9.7999840975e-01    4.7963112593e-08    0.0000000000e+00    4.7963112593e-08
    9.9999576807e-01    4.7963112593e-08    0.0000000000e+00    4.7963112593e-08
    1.0000015497e+00    4.7963112593e-08    0.0000000000e+00    4.7963112593e-08
