    0.0000000000e+00    0.0000000000e+00    0.0000000000e+00    0.0000000000e+00
    1.9999459386e-02   -2.3267604411e-04    4.9998657778e-04   -2.3267604411e-04
    3.9995390922e-02   -4.3559214100e-04    9.9988467991e-04   -4.3559214100e-04
    5.9995539486e-02   -6.1466032639e-04    1.4998884872e-03   -6.1466032639e-04
    7.9999335110e-02   -7.7420985326e-04    1.9999835640e-03   -7.7420985326e-04
    9.9997632205e-02   -9.1748498380e-04    2.4999408051e-03   -9.1748498380e-04
    1.1999623477e-01   -1.0471120477e-03    2.9999054968e-03   -1.0471120477e-03
    1.3999667764e-01   -1.1651387904e-03    3.4999167547e-03   -1.1651387904e-03
    1.5999695659e-01   -1.2731857132e-03    3.9999233559e-03   -1.2731857132e-03
    1.7999975383e-01   -1.3725983445e-03    4.4999932870e-03   -1.3725983445e-03
    1.9999809563e-01   -1.4644381590e-03    4.9999523908e-03   -1.4644381590e-03
    2.1999759972e-01   -1.4644467738e-03    4.9999998882e-03   -1.4644467738e-03
    2.3999886215e-01   -1.4644467738e-03    4.9999998882e-03   -1.4644467738e-03
    2.5999602675e-01   -1.4644467738e-03    4.9999998882e-03   -1.4644467738e-03
    2.7999728918e-01   -1.4644470066e-03    4.9999998882e-03   -1.4644470066e-03
    2.9999855161e-01   -1.4644470066e-03    4.9999998882e-03   -1.4644470066e-03
    3.1999981403e-01   -1.4644470066e-03    4.9999998882e-03   -1.4644470066e-03
    3.3999696374e-01   -1.4644470066e-03    4.9999998882e-03   -1.4644470066e-03
    3.5999822617e-01   -1.4644470066e-03    4.9999998882e-03   -1.4644470066e-03
    3.7999948859e-01   -1.4644470066e-03    4.9999998882e-03   -1.4644470066e-03
    3.9999663830e-01   -1.4644470066e-03    4.9999998882e-03   -1.4644470066e-03
    4.1999790072e-01   -1.4644470066e-03    4.9999998882e-03   -1.4644470066e-03
    4.3999916315e-01   -1.4644470066e-03    4.9999998882e-03   -1.4644470066e-03
    4.5999631286e-01   -1.4644470066e-03    4.9999998882e-03   -1.4644470066e-03
    4.7999757528e-01   -1.4644470066e-03    4.9999998882e-03   -1.4644470066e-03
    4.9999883771e-01   -1.4644470066e-03    4.9999998882e-03   -1.4644470066e-03
    5.1999598742e-01   -1.4644470066e-03    4.9999998882e-03   -1.4644470066e-03
    5.3999727964e-01   -1.4644470066e-03    4.9999998882e-03   -1.4644470066e-03
    5.5999851227e-01   -1.4644470066e-03    4.9999998882e-03   -1.4644470066e-03
    5.7999974489e-01   -1.4644470066e-03    4.9999998882e-03   -1.4644470066e-03
    5.9999692440e-01   -1.4644470066e-03    4.9999998882e-03   -1.4644470066e-03
    6.1999821663e-01   -1.4644470066e-03    4.9999998882e-03   -1.4644470066e-03
    6.3999944925e-01   -1.4644470066e-03    4.9999998882e-03   -1.4644470066e-03
    6.5999662876e-01   -1.4644470066e-03    4.9999998882e-03   -1.4644470066e-03
    6.7999786139e-01   -1.4644470066e-03    4.9999998882e-03   -1.4644470066e-03
    6.9999915361e-01   -1.4644470066e-03    4.9999998882e-03   -1.4644470066e-03
    7.1999627352e-01   -1.4644470066e-03    4.9999998882e-03   -1.4644470066e-03
    7.3999756575e-01   -1.4644470066e-03    4.9999998882e-03   -1.4644470066e-03
    7.5999879837e-01   -1.4644470066e-03    4.9999998882e-03   -1.4644470066e-03
    7.7999597788e-01   -1.4644470066e-03    4.9999998882e-03   -1.4644470066e-03
    7.9999721050e-01   -1.4644470066e-03    4.9999998882e-03   -1.4644470066e-03
    8.1999850273e-01   -1.4644470066e-03    4.9999998882e-03   -1.4644470066e-03
    8.3999568224e-01   -1.4644470066e-03    4.9999998882e-03   -1.4644470066e-03
    8.5999691486e-01   -1.4644470066e-03    4.9999998882e-03   -1.4644470066e-03
    8.7999814749e-01   -1.4644470066e-03    4.9999998882e-03   -1.4644470066e-03
    8.9999943972e-01   -1.4644470066e-03    4.9999998882e-03   -1.4644470066e-03
    9.1999661922e-01   -1.4644470066e-03    4.9999998882e-03   -1.4644470066e-03
    9.3999785185e-01   -1.4644470066e-03    4.9999998882e-03   -1.4644470066e-03
    9.5999908447e-01   -1.4644470066e-03    4.9999998882e-03   -1.4644470066e-03
    9.7999626398e-01   -1.4644470066e-03    4.9999998882e-03   -1.4644470066e-03
    9.9999749660e-01   -1.4644470066e-03    4.9999998882e-03   -1.4644470066e-03
    1.0000016689e+00   -1.4644470066e-03    4.9999998882e-03   -1.4644470066e-03
