  0.000000000000e+00   0.000000000000e+00   0.000000000000e+00   0.000000000000e+00
  1.999999769032e-02  -4.928605630994e-05   1.000002957880e-04  -4.929304122925e-05
  3.999945148826e-02  -9.708059951663e-05   1.999973319471e-04  -9.708758443594e-05
  5.999894440174e-02  -1.434539444745e-04   2.999948337674e-04  -1.434604637325e-04
  7.999805361032e-02  -1.885914243758e-04   3.999904729426e-04  -1.885993406177e-04
  9.999854862690e-02  -2.325698733330e-04   4.999926313758e-04  -2.325759269297e-04
  1.199980154634e-01  -2.753841690719e-04   5.999901331961e-04  -2.753864973783e-04
  1.399997621775e-01  -3.170315176249e-04   6.999988108873e-04  -3.170366398990e-04
  1.599995791912e-01  -3.575854934752e-04   7.999981753528e-04  -3.575878217816e-04
  1.799994260073e-01  -3.970838151872e-04   8.999970741570e-04  -3.970908001065e-04
  1.999987065792e-01  -4.355753771961e-04   9.999936446548e-04  -4.355842247605e-04
  2.199986726046e-01  -4.731626249850e-04   1.099993474782e-03  -4.731668159366e-04
  2.399987876415e-01  -5.098045803607e-04   1.199993770570e-03  -5.098031833768e-04
  2.599984109402e-01  -5.456265062094e-04   1.299992203712e-03  -5.456232465804e-04
  2.799987792969e-01  -5.805762484670e-04   1.399993896484e-03  -5.805771797895e-04
  2.999990284443e-01  -6.147329695523e-04   1.499995123595e-03  -6.147343665361e-04
  3.199988901615e-01  -6.480608135462e-04   1.599994488060e-03  -6.480626761913e-04
  3.399996459484e-01  -6.806645542383e-04   1.699998043478e-03  -6.806650198996e-04
  3.599987328053e-01  -7.124897092581e-04   1.799993682653e-03  -7.124911062419e-04
  3.799989819527e-01  -7.436708547175e-04   1.899994909763e-03  -7.436731830239e-04
  3.999995589256e-01  -7.741604931653e-04   1.999997999519e-03  -7.741665467620e-04
  4.199997484684e-01  -8.040461689234e-04   2.099998760968e-03  -8.040559478104e-04
  4.399987161160e-01  -8.332873694599e-04   2.199993468821e-03  -8.333008736372e-04
  4.599992036819e-01  -8.619413711131e-04   2.299996092916e-03  -8.619492873549e-04
  4.799984395504e-01  -8.900188840926e-04   2.399992197752e-03  -8.900188840926e-04
  4.999992549419e-01  -9.175054728985e-04   2.499996218830e-03  -9.175031445920e-04
  5.199993252754e-01  -9.444532915950e-04   2.599996514618e-03  -9.444467723370e-04
  5.399995446205e-01  -9.708525612950e-04   2.699997741729e-03  -9.708427824080e-04
  5.599992275238e-01  -9.967461228371e-04   2.799996174872e-03  -9.967293590307e-04
  5.799989104271e-01  -1.022154930979e-03   2.899994142354e-03  -1.022141426802e-03
  5.999994277954e-01  -1.047091558576e-03   2.999996766448e-03  -1.047073863447e-03
  6.199982762337e-01  -1.071567647159e-03   3.099991008639e-03  -1.071549020708e-03
  6.399995088577e-01  -1.095603452995e-03   3.199997358024e-03  -1.095585990697e-03
  6.599987149239e-01  -1.119208056480e-03   3.299993462861e-03  -1.119185006246e-03
  6.799983382225e-01  -1.142392633483e-03   3.399991430342e-03  -1.142364926636e-03
  6.999988555908e-01  -1.165161607787e-03   3.499994054437e-03  -1.165130408481e-03
  7.199996709824e-01  -1.187522197142e-03   3.599998541176e-03  -1.187490997836e-03
  7.399983406067e-01  -1.209489302710e-03   3.699991852045e-03  -1.209456007928e-03
  7.599988579750e-01  -1.231062691659e-03   3.799994476140e-03  -1.231036847457e-03
  7.799987196922e-01  -1.252275193110e-03   3.899993374944e-03  -1.252249581739e-03
  7.999985218048e-01  -1.273140776902e-03   3.999993205070e-03  -1.273107016459e-03
  8.199988007545e-01  -1.293663633987e-03   4.099993966520e-03  -1.293631503358e-03
  8.399984836578e-01  -1.313846791163e-03   4.199992865324e-03  -1.313821179792e-03
  8.599983453751e-01  -1.333711203188e-03   4.299991764128e-03  -1.333681866527e-03
  8.799988031387e-01  -1.353256870061e-03   4.399994388223e-03  -1.353228464723e-03
  8.999990224838e-01  -1.372498692945e-03   4.499995149672e-03  -1.372469356284e-03
  9.199994206429e-01  -1.391437835991e-03   4.599996842444e-03  -1.391403609887e-03
  9.399990439415e-01  -1.410082681105e-03   4.699995741248e-03  -1.410044031218e-03
  9.599984288216e-01  -1.428435789421e-03   4.799991846085e-03  -1.428396208212e-03
  9.799982309341e-01  -1.446509500965e-03   4.899991676211e-03  -1.446466427296e-03
  9.999989867210e-01  -1.464308705181e-03   4.999995231628e-03  -1.464265165851e-03
  1.000000476837e+00  -1.464310102165e-03   4.999999888241e-03  -1.464266562834e-03
